25.650902322107953 Test loss (%)
91.53335934451815 Test accuracy (%)

                              precision    recall  f1-score   support

                     Alfalfa       1.00      1.00      1.00        11
                 Corn-notill       0.87      0.87      0.87       357
                Corn-mintill       0.86      0.93      0.90       208
                        Corn       0.86      0.95      0.90        59
               Grass-pasture       0.97      0.97      0.97       121
                 Grass-trees       0.99      0.98      0.99       183
         Grass-pasture-mowed       1.00      1.00      1.00         7
               Hay-windrowed       1.00      1.00      1.00       120
                        Oats       0.71      1.00      0.83         5
              Soybean-notill       0.81      0.90      0.85       243
             Soybean-mintill       0.92      0.83      0.88       614
               Soybean-clean       0.93      0.93      0.93       148
                       Wheat       0.98      1.00      0.99        51
                       Woods       0.99      0.99      0.99       316
Buildings-Grass-Trees-Drives       0.88      0.95      0.92        97
          Stone-Steel-Towers       1.00      1.00      1.00        23

                    accuracy                           0.92      2563
                   macro avg       0.92      0.96      0.94      2563
                weighted avg       0.92      0.92      0.92      2563

[[ 11   0   0   0   0   0   0   0   0   0   0   0   0   0   0   0]
 [  0 310  14   3   0   0   0   0   0   6  20   4   0   0   0   0]
 [  0   4 194   5   0   0   0   0   0   0   5   0   0   0   0   0]
 [  0   3   0  56   0   0   0   0   0   0   0   0   0   0   0   0]
 [  0   0   0   0 117   0   0   0   0   1   0   0   0   0   3   0]
 [  0   0   0   0   0 180   0   0   0   0   0   0   0   0   3   0]
 [  0   0   0   0   0   0   7   0   0   0   0   0   0   0   0   0]
 [  0   0   0   0   0   0   0 120   0   0   0   0   0   0   0   0]
 [  0   0   0   0   0   0   0   0   5   0   0   0   0   0   0   0]
 [  0   3   3   0   1   0   0   0   0 219  17   0   0   0   0   0]
 [  0  37  13   1   2   0   0   0   0  42 511   7   1   0   0   0]
 [  0   1   1   0   0   0   0   0   2   3   1 138   0   0   2   0]
 [  0   0   0   0   0   0   0   0   0   0   0   0  51   0   0   0]
 [  0   0   0   0   0   0   0   0   0   0   0   0   0 312   4   0]
 [  0   0   0   0   0   1   0   0   0   0   0   0   0   4  92   0]
 [  0   0   0   0   0   0   0   0   0   0   0   0   0   0   0  23]]